int x = 50;
int y = 50;
int dispersal = 3;
IntegerVector runs = 17500 17501 35000 35001 52500 52501 70000 70001 87500 87501 105000 105001 122500 122501 140000 140001 157500 157501 175000 175001 192500 192501 210000 210001 227500 227501 245000 245001 262500 262501 280000 280001 297500 297501 315000 315001 332500 332501 350000 350001 367500 367501 385000 385001 402500 402501 420000 420001 437500 437501 455000 455001 472500 472501 490000 490001 507500 507501 525000 525001 542500 542501 560000 560001 577500 577501 595000 595001 612500 612501 630000 630001 647500 647501 665000 665001 682500 682501 700000 700001 717500 717501 735000 735001 752500 752501 770000 770001 787500 787501 805000 805001 822500 822501 840000 840001 857500 857501 875000 875001 892500 892501 910000 910001 927500 927501 945000 945001 962500 962501 980000 980001 997500 997501 1015000 1015001 1032500 1032501 1050000 1050001 1067500 1067501 1085000 1085001 1102500 1102501 1120000 1120001 1137500 1137501 1155000 1155001 1172500 1172501 1190000 1190001 1207500 1207501 1225000 1225001 1242500 1242501 1260000 1260001 1277500 1277501 1295000 1295001 1312500 1312501 1330000 1330001 1347500 1347501 1365000 1365001 1382500 1382501 1400000 1400001 1417500 1417501 1435000 1435001 1452500 1452501 1470000 1470001 1487500 1487501 1505000 1505001 1522500 1522501 1540000 1540001 1557500 1557501 1575000 1575001 1592500 1592501 1610000 1610001 1627500 1627501 1645000 1645001 1662500 1662501 1680000 1680001 1697500 1697501 1715000 1715001 1732500 1732501 1750000 1750001 1767500 1767501 1785000 1785001 1802500 1802501 1820000 1820001 1837500 1837501 1855000 1855001 1872500 1872501 1890000 1890001 1907500 1907501 1925000 1925001 1942500 1942501 1960000 1960001 1977500 1977501 1995000 1995001 2012500 2012501 2030000 2030001 2047500 2047501 2065000 2065001 2082500 2082501 2100000 2100001 2117500 2117501 2135000 2135001 2152500 2152501 2170000 2170001 2187500 2187501 2205000 2205001 2222500 2222501 2240000 2240001 2257500 2257501 2275000 2275001 2292500 2292501 2310000 2310001 2327500 2327501 2345000 2345001 2362500 2362501 2380000 2380001 2397500 2397501 2415000 2415001 2432500 2432501 2450000 2450001 2467500 2467501 2485000 2485001 2502500 2502501 2520000 2520001 2537500 2537501 2555000 2555001 2572500 2572501 2590000 2590001 2607500 2607501 2625000 2625001;
double specRate = 2;
bool negativeDens = 1;
bool positiveDens = 1;
bool env = 0;
bool neutral = 0;
bool mort = 1;
int mortStrength = 10;
bool repro = 0;
int dispersalCutoff = 2;
int negative densityCutoff = 1;
int positive densityCutoff = 1;
int seed = 20250715;
double envStrength = 1;
double nDDStrength = 0.5;
double pDDStrength = 0.3;
int fission = 0;
double redQueen = 0;
double redQueenStrength = 0;
int protracted = 0;
NumericVector airmatR = 1;
airmatR = 0x2322d1203f8, 0x2322d120400;
NumericVector airmatR = 1;
soilmatR = 0x2322d1203f8, 0x2322d120400;
double envNicheWidth = 0.0365991;
double pDDNicheWidth = 0.01;
double nDDNicheWidth = 0.3;
